RELATIONSHIPID	CONCEPTID1	RELATIONSHIPTYPE	CONCEPTID2	CHARACTERISTICTYPE	REFINABILITY	RELATIONSHIPGROUP
544811000005129	544811000005101	116680003	304813002	0	0	0
544821000005124	544821000005107	116680003	304813002	0	0	0
544831000005122	544831000005105	116680003	50357006	0	0	0
544841000005125	544841000005102	116680003	305224000	0	0	0
544851000005128	544851000005100	116680003	305224000	0	0	0
544861000005126	544861000005103	116680003	11429006	0	0	0
545011000005123	545011000005106	116680003	276339004	0	0	0
545021000005128	545021000005100	116680003	545011000005106	0	0	0
545031000005125	545031000005102	116680003	545011000005106	0	0	0
545041000005122	545041000005105	116680003	545011000005106	0	0	0
545051000005124	545051000005107	116680003	545011000005106	0	0	0
545211000005129	545211000005101	116680003	545011000005106	0	0	0
545921000005129	545921000005101	116680003	545011000005106	0	0	0
546241000005121	546241000005109	116680003	55566008	0	0	0
546251000005123	546251000005106	116680003	55566008	0	0	0
546431000005125	546811000005109	116680003	288573005	0	0	0
546441000005122	546821000005103	116680003	288573005	0	0	0
546611000005120	547011000005103	116680003	288573005	0	0	0
546811000005121	547211000005108	116680003	276339004	0	0	0
547021000005121	547411000005109	116680003	321315007	0	0	0
547041000005127	547411000005109	411116001	385055001	0	0	0
547051000005125	547411000005109	127489000	387455006	0	0	0
547061000005128	547611000005106	116680003	321315007	0	0	0
547071000005122	547611000005106	411116001	385055001	0	0	0
547081000005120	547611000005106	127489000	387455006	0	0	0
547211000005120	547811000005107	116680003	329653008	0	1	0
547221000005125	547811000005107	127489000	387207008	0	0	0
547231000005127	547811000005107	411116001	385055001	0	0	0
547411000005121	547821000005101	116680003	329654002	0	1	0
547421000005126	547821000005101	411116001	385055001	0	0	0
547431000005128	547821000005101	127489000	387207008	0	0	0
547611000005123	548011000005104	116680003	318926002	0	1	0
547621000005128	548011000005104	411116001	385049006	0	0	0
547631000005125	548011000005104	127489000	386871006	0	0	0
547811000005124	548211000005109	116680003	318926002	0	0	0
547821000005129	548211000005109	411116001	385049006	0	0	0
547831000005126	548211000005109	127489000	386871006	0	0	0
548211000005121	548611000005107	116680003	320177008	0	1	0
548221000005126	548611000005107	127489000	372897005	0	0	0
548411000005122	548811000005108	116680003	270459005	0	0	0
548421000005127	548821000005102	116680003	270459005	0	0	0
548431000005129	548831000005104	116680003	270459005	0	0	0
548441000005121	548841000005107	116680003	270459005	0	0	0
548451000005123	548851000005109	116680003	270459005	0	0	0
548461000005120	548861000005106	116680003	308340000	0	0	0
548471000005126	548871000005101	116680003	308340000	0	0	0
548481000005128	548881000005103	116680003	308340000	0	0	0
548491000005125	548891000005100	116680003	308340000	0	0	0
548501000005120	548901000005101	116680003	308340000	0	0	0
548511000005123	548911000005103	116680003	308340000	0	0	0
548521000005128	548921000005109	116680003	308340000	0	0	0
548611000005124	549011000005109	363714003	224329005	0	0	0
548621000005129	549011000005109	363714003	271905007	0	0	0
548631000005126	549011000005109	116680003	365565007	0	0	0
548811000005120	549211000005104	363714003	224329005	0	0	0
548821000005125	549211000005104	363714003	271905007	0	0	0
548831000005127	549211000005104	116680003	549011000005109	0	0	0
548841000005124	549221000005105	363714003	224329005	0	0	0
548851000005121	549221000005105	363714003	271905007	0	0	0
548861000005123	549221000005105	116680003	549011000005109	0	0	0
548871000005129	549231000005108	363714003	224329005	0	0	0
548881000005126	549231000005108	363714003	271905007	0	0	0
548891000005128	549231000005108	116680003	549011000005109	0	0	0
548901000005129	549241000005100	363714003	224329005	0	0	0
548911000005126	549241000005100	363714003	271905007	0	0	0
548921000005121	549241000005100	116680003	549011000005109	0	0	0
548931000005124	549251000005103	363714003	224329005	0	0	0
548941000005127	549251000005103	363714003	271905007	0	0	0
548951000005125	549251000005103	116680003	549011000005109	0	0	0
548961000005128	549261000005101	363714003	224329005	0	0	0
548971000005122	549261000005101	363714003	271905007	0	0	0
548981000005120	549261000005101	116680003	549011000005109	0	0	0
548991000005123	549271000005106	363714003	224329005	0	0	0
549001000005123	549271000005106	363714003	271905007	0	0	0
549011000005121	549271000005106	116680003	549011000005109	0	0	0
549211000005127	549411000005103	363714003	224329005	0	0	0
549221000005122	549411000005103	363714003	271905007	0	0	0
549231000005120	549411000005103	116680003	549011000005109	0	0	0
549241000005128	549421000005109	363714003	224329005	0	0	0
549251000005126	549421000005109	363714003	271905007	0	0	0
549261000005129	549421000005109	116680003	549011000005109	0	0	0
549271000005123	549431000005107	363714003	224329005	0	0	0
549281000005121	549431000005107	363714003	271905007	0	0	0
549291000005124	549431000005107	116680003	549011000005109	0	0	0
549301000005120	549441000005104	363714003	224329005	0	0	0
549311000005123	549441000005104	363714003	271905007	0	0	0
549321000005128	549441000005104	116680003	549011000005109	0	0	0
549411000005126	549611000005101	116680003	266750002	0	0	0
550211000005121	550411000005105	116680003	108343000	0	0	0
550411000005122	550611000005107	116680003	257585005	0	0	0
550421000005127	550621000005101	116680003	550411000005105	0	0	0
550431000005129	550631000005103	116680003	257585005	0	0	0
550441000005121	550641000005106	116680003	257585005	0	0	0
550451000005123	550651000005108	116680003	45899008	0	0	0
550461000005120	550661000005105	116680003	550411000005105	0	0	0
550471000005126	550671000005100	116680003	394777002	0	0	0
550481000005128	550681000005102	116680003	22201008	0	0	0
550491000005125	550681000005102	116680003	394777002	0	0	0
550501000005120	550691000005104	116680003	22201008	0	0	0
550511000005123	550691000005104	116680003	257585005	0	0	0
550521000005128	550701000005104	116680003	22201008	0	0	0
550531000005125	550701000005104	116680003	257585005	0	0	0
550541000005122	550711000005101	116680003	257585005	0	0	0
550611000005124	550811000005108	116680003	224884006	0	0	0
550621000005129	550821000005102	116680003	224884006	0	0	0
550631000005126	550831000005104	116680003	224884006	0	0	0
550641000005123	550841000005107	116680003	224884006	0	0	0
550651000005120	550851000005109	116680003	224884006	0	0	0
550661000005122	550861000005106	116680003	224884006	0	0	0
550671000005128	550871000005101	116680003	224884006	0	0	0
550681000005125	550881000005103	116680003	288500009	0	0	0
550691000005127	550891000005100	116680003	288500009	0	0	0
550701000005127	546821000005103	116680003	224884006	0	0	0
550711000005129	547011000005103	116680003	224884006	0	0	0
550721000005124	547211000005108	116680003	288500009	0	0	0
550731000005122	550631000005103	116680003	224884006	0	0	0
550811000005120	551011000005105	116680003	246061005	0	0	0
551011000005122	551211000005100	116680003	551011000005105	0	0	0
551021000005127	551221000005106	116680003	551011000005105	0	0	0
551031000005129	551231000005109	116680003	551011000005105	0	0	0
551041000005121	551241000005101	116680003	551011000005105	0	0	0
551211000005128	551411000005104	116680003	394732004	0	0	0
551411000005127	551611000005102	116680003	225746001	0	0	0
551611000005125	551811000005101	116676008	56246009	0	2	1
551621000005120	551811000005101	42752001	73595000	0	0	0
551631000005123	551811000005101	363698007	87878005	0	0	0
551641000005126	551811000005101	116680003	195020003	0	0	0
552211000005120	552411000005109	116680003	276339004	0	0	0
552411000005121	552611000005106	116680003	272451001	0	0	0
552611000005123	552821000005101	116680003	272394005	0	0	0
552621000005128	552811000005107	116676008	6920004	0	0	0
552631000005125	552811000005107	116680003	248878009	0	0	0
552641000005122	552811000005107	363698007	263355003	0	1	0
552651000005124	552831000005103	116680003	273249006	0	0	0
552811000005124	553011000005109	116680003	364231004	0	0	0
553011000005121	553221000005105	116680003	553011000005109	0	0	0
553021000005126	553261000005101	116680003	553011000005109	0	0	0
553031000005128	553241000005100	116680003	553011000005109	0	0	0
553041000005120	553271000005106	116680003	553011000005109	0	0	0
553051000005122	553281000005109	116680003	553011000005109	0	0	0
553061000005124	553231000005108	116680003	553011000005109	0	0	0
553071000005125	553211000005104	116680003	553011000005109	0	0	0
553081000005127	553251000005103	116680003	553011000005109	0	0	0
553091000005129	553291000005107	116680003	553011000005109	0	0	0
553101000005122	553011000005109	116680003	364233001	0	0	0
553211000005127	553411000005103	116680003	20159001	0	0	0
553221000005122	553421000005109	116680003	553411000005103	0	0	0
553231000005120	553431000005107	116680003	553411000005103	0	0	0
553241000005128	553441000005104	116680003	553411000005103	0	0	0
553411000005126	553631000005105	116680003	272407005	0	0	0
553421000005121	553641000005102	116680003	272407005	0	0	0
553431000005124	553651000005100	116680003	272407005	0	0	0
553441000005127	553611000005101	116680003	272407005	0	0	0
553451000005125	553621000005107	116680003	272407005	0	0	0
553611000005129	212385001	116680003	417746004	0	0	0
553621000005124	212386000	116680003	417746004	0	0	0
553631000005122	263265006	116680003	417746004	0	0	0
553641000005125	263269000	116680003	417746004	0	0	0
553811000005128	553811000005100	116680003	322236009	0	0	0
553821000005123	553811000005100	127489000	387517004	0	0	0
553831000005121	553811000005100	411116001	421026006	0	0	0
554011000005124	554011000005107	116680003	394658006	0	0	0
554021000005129	554021000005101	116680003	272511002	0	0	0
554031000005126	554021000005101	116680003	545021000005100	0	0	0
554041000005123	554021000005101	116680003	545031000005102	0	0	0
554051000005120	554021000005101	116680003	545041000005105	0	0	0
554061000005122	554021000005101	116680003	545051000005107	0	0	0
554071000005128	554021000005101	116680003	545211000005101	0	0	0
554081000005125	554021000005101	116680003	545921000005101	0	0	0
554091000005127	554031000005103	116680003	224884006	0	0	0
554101000005120	554031000005103	116680003	288573005	0	0	0
554111000005123	554041000005106	116680003	547211000005108	0	0	0
554121000005128	554051000005108	116680003	288573005	0	0	0
554131000005125	554061000005105	116680003	288573005	0	0	0
554141000005122	550621000005101	116680003	272511002	0	0	0
554151000005124	550661000005105	116680003	288573005	0	0	0
554161000005121	554071000005100	116680003	22232009	0	0	0
554211000005125	554211000005102	116680003	285201006	0	0	0
554221000005120	554211000005102	116680003	288573005	0	0	0
554231000005123	554221000005108	116680003	288573005	0	0	0
554241000005126	554231000005106	116680003	285201006	0	0	0
554251000005129	554231000005106	116680003	288573005	0	0	0
554261000005127	554241000005103	116680003	396278008	0	0	0
554411000005129	554411000005101	116680003	272511002	0	0	0
554421000005124	554421000005107	116680003	394658006	0	0	0
554431000005122	554431000005105	116680003	394658006	0	0	0
554441000005125	554441000005102	116680003	394658006	0	0	0
